4.000,-1
4.000,1
4.250,1
4.750,-1
5.000,-1
5.000,1
5.500,1
6.000,-1
6.500,1
6.750,-1
7.250,1
7.500,-1
8.000,1
8.000,-1
8.250,1
8.500,-1
8.750,1
9.000,-1
9.000,1
9.250,-1
9.500,1
9.750,-1
10.000,-1
10.000,1
10.500,-1
10.750,-1
10.750,1
11.250,1
11.500,-1
11.750,1
12.000,1
12.000,-1
12.500,-1
13.000,-1
13.000,1
13.250,1
13.500,-1
13.750,1
14.000,1
14.000,-1
14.250,-1
14.500,-1
14.750,-1
15.000,1
15.250,-1
15.500,1
15.750,1
16.000,-1
16.000,1
16.500,-1
16.750,1
17.000,-1
17.250,-1
17.500,1
17.750,1
18.000,-1
18.167,1
18.333,-1
18.500,1
19.000,-1
19.000,1
20.000,1
20.250,1
20.500,-1
20.750,-1
21.000,-1
21.250,-1
21.500,1
21.750,1
22.000,-1
22.042,1
22.500,1
22.750,1
23.000,-1
23.250,-1
23.500,1
23.750,1
24.000,-1
24.000,1
24.250,-1
24.500,-1
24.750,1
25.000,-1
25.250,-1
25.500,1
25.750,-1
26.000,-1
26.042,1
26.500,1
26.750,1
27.000,-1
27.250,-1
27.500,1
27.750,1
28.000,1
28.250,1
28.500,-1
28.750,-1
29.000,1
29.250,-1
29.500,1
29.750,-1
30.000,-1
30.250,-1
30.500,1
30.750,-1
31.000,1
31.250,-1
31.500,-1
31.750,1
32.000,-1
32.250,-1
32.500,-1
32.750,1
33.000,1
33.250,-1
33.500,1
33.750,1
34.000,-1
34.250,1
34.500,1
34.750,-1
35.000,1
35.000,-1
35.500,1
35.500,-1
36.000,-1
36.250,1
36.500,1
36.750,-1
37.000,1
37.250,1
37.500,-1
37.750,1
38.000,1
38.250,-1
38.500,1
38.750,1
39.875,-1
39.875,1
40.375,-1
40.375,1
40.625,-1
40.625,1
41.125,-1
41.375,-1
41.375,1
41.875,1
42.125,-1
42.125,1
42.625,-1
42.625,1
42.875,1
42.875,-1
43.250,1
43.750,1
44.000,1
44.250,-1
44.500,1
44.750,1
45.000,-1
45.250,1
46.000,1
46.250,-1
46.500,-1
46.750,1
47.000,-1
47.250,-1
48.000,-1
48.250,1
48.500,-1
48.750,-1
49.000,1
49.250,1
49.250,-1
49.750,-1
50.250,-1
50.250,1
50.750,1
51.250,-1
51.500,-1
51.750,1
52.000,1
52.250,-1
52.500,1
52.750,-1
53.000,1
53.250,-1
53.500,1
53.750,1
54.000,1
54.250,-1
54.500,1
54.750,-1
55.000,1
55.250,-1
55.500,1
55.750,1
56.000,1
56.250,-1
56.750,-1
56.750,1
57.250,-1
57.250,1
59.250,-1
59.250,1
59.500,1
59.750,-1
60.000,1
60.250,1
60.250,-1
60.500,-1
60.750,1
61.000,-1
61.250,-1
61.250,1
61.500,1
61.750,-1
62.000,1
62.250,-1
62.250,1
62.500,-1
62.750,1
63.000,-1
63.250,-1
63.250,1
63.833,1
64.000,-1
64.167,1
64.333,-1
64.833,1
65.250,-1
65.750,1
66.000,-1
66.250,1
67.250,-1
67.250,1
67.500,-1
67.750,1
68.000,-1
68.250,1
68.250,-1
68.500,1
68.750,-1
69.000,1
69.250,-1
69.250,1
69.500,-1
69.750,1
70.000,-1
70.250,-1
70.250,1
70.500,1
70.750,-1
71.000,1
71.250,-1
71.250,1
71.833,-1
72.000,1
72.167,-1
72.333,1
72.833,-1
73.250,-1
73.500,-1
73.750,1
74.000,1
74.250,1
74.750,1
74.750,-1
75.250,-1
77.250,-1
77.250,1
77.750,-1
77.750,1
78.250,-1
78.250,1
79.250,-1
79.250,1
79.500,1
79.750,-1
80.000,1
80.250,1
80.250,-1
80.500,-1
80.750,1
81.000,-1
81.250,-1
81.250,1
81.500,1
81.750,-1
82.000,1
82.250,1
82.250,-1
82.500,1
82.750,-1
83.000,1
83.250,1
83.500,1
83.750,-1
84.000,-1
84.250,1
84.500,1
84.750,-1
85.000,-1
85.250,-1
85.500,1
86.000,-1
86.250,1
86.750,1
87.000,1
87.250,-1
87.250,1
87.500,-1
87.750,1
88.000,-1
88.250,1
88.250,-1
88.750,1
89.000,-1
89.250,-1
89.250,1
89.750,1
90.250,1
90.250,-1
90.750,-1
91.250,-1
91.500,-1
91.750,1
92.000,-1
92.250,-1
92.500,1
92.750,-1
93.000,1
93.250,-1
93.500,1
93.750,-1
94.000,-1
94.250,-1
94.500,1
95.000,-1
95.000,1
95.750,1
95.875,-1
96.000,1
96.250,-1
96.500,1
96.750,-1
97.000,1
97.250,-1
97.500,-1
97.750,1
98.000,1
98.250,-1
98.500,-1
98.750,1
98.875,-1
99.000,1
99.750,-1
99.875,1
100.000,-1
100.250,1
100.500,-1
100.750,1
101.000,-1
101.250,1
101.500,-1
101.750,1
101.875,-1
102.000,1
102.250,-1
102.500,1
102.750,-1
103.000,-1
103.500,-1
103.750,1
104.000,-1
104.250,-1
104.375,1
104.500,-1
104.750,-1
105.000,1
105.375,-1
105.375,1
105.625,1
105.875,1
106.125,1
106.375,1
106.375,-1
106.625,-1
106.875,-1
107.125,-1
107.125,1
107.625,1
107.750,-1
107.875,1
108.000,-1
108.250,-1
108.375,1
108.500,-1
108.750,1
109.000,1
109.250,-1
109.500,-1
109.750,1
110.000,1
110.250,1
110.250,-1
110.500,-1
110.500,1
111.000,1
111.750,-1
112.000,1
112.250,-1
112.500,1
112.750,-1
113.000,1
113.125,-1
113.250,1
113.500,-1
113.625,1
113.750,-1
114.000,1
114.125,-1
114.250,1
114.500,-1
114.625,1
114.750,-1
115.000,1
116.000,1
116.500,-1
116.750,1
117.000,-1
117.750,-1
118.000,1
118.250,-1
118.500,1
119.125,-1
119.125,1
119.875,-1
120.125,1
120.375,1
120.625,-1
120.875,1
121.875,1
122.375,1
122.875,-1
123.125,1
123.250,-1
123.375,1
123.875,-1
124.125,1
124.250,-1
124.375,1
124.625,-1
124.875,1
125.000,-1
125.125,1
125.375,-1
125.625,1
125.750,-1
125.875,1
126.000,-1
126.125,1
126.250,-1
126.375,1
126.500,-1
126.625,1
126.750,-1
126.875,1
127.000,-1
127.125,1
127.250,-1
127.375,1
129.375,1
131.375,1
132.375,1
133.375,1
135.375,-1
137.375,-1
137.625,-1
137.875,-1
138.125,-1
138.375,-1
139.375,-1
140.375,-1
141.375,-1
141.875,1
142.375,1
142.875,1
143.375,-1
143.375,1
143.625,-1
143.875,1
144.125,-1
144.375,1
144.375,-1
144.625,1
144.875,-1
145.125,1
145.375,-1
145.375,1
145.625,-1
145.875,1
146.125,-1
146.375,-1
146.375,1
146.625,1
146.875,-1
147.125,1
147.375,-1
147.375,1
147.875,-1
148.125,1
148.375,-1
148.625,1
149.125,-1
149.375,-1
149.375,1
149.750,1
150.125,1
150.375,1
150.375,-1
150.875,-1
151.125,1
151.375,-1
151.375,1
151.625,1
152.125,-1
152.375,-1
152.375,1
152.875,1
153.375,-1
153.875,1
154.125,1
154.625,-1
154.875,-1
155.375,-1
155.375,1
155.625,-1
155.875,-1
156.125,-1
156.375,1
156.375,-1
156.625,1
156.875,1
157.125,1
157.375,-1
157.375,1
157.875,-1
158.125,-1
158.125,1
158.625,1
158.875,-1
159.125,1
159.375,1
159.375,-1
159.875,-1
160.375,-1
160.375,1
160.625,1
160.875,-1
161.125,1
161.375,1
161.375,-1
161.625,-1
161.875,-1
162.125,1
162.375,1
162.625,-1
162.875,-1
163.125,1
163.375,-1
163.375,1
163.875,-1
164.125,1
164.375,-1
164.625,-1
164.875,1
165.125,1
165.375,-1
165.542,1
165.708,-1
165.875,1
166.083,-1
166.250,1
166.417,1
166.417,-1
167.375,1
167.625,1
167.875,-1
168.125,-1
168.375,-1
168.625,-1
168.875,1
169.125,1
169.375,-1
169.417,1
169.875,1
170.125,1
170.375,-1
170.625,-1
170.875,1
171.125,1
171.375,1
171.375,-1
171.625,-1
171.875,-1
172.125,1
172.375,-1
172.625,-1
172.875,1
173.125,-1
173.375,-1
173.417,1
173.875,1
174.125,1
174.375,-1
174.625,-1
174.875,1
175.125,1
175.375,1
175.375,-1
175.625,1
175.875,-1
176.125,-1
176.375,1
176.625,-1
176.875,1
176.875,-1
177.125,-1
177.375,-1
177.625,-1
177.875,1
178.125,-1
178.375,1
178.625,-1
178.875,-1
179.125,1
179.375,-1
179.625,-1
179.875,-1
180.125,1
180.375,1
180.625,-1
180.875,1
181.125,1
181.375,-1
181.625,1
181.875,1
182.125,-1
182.375,1
182.375,-1
182.875,1
182.875,-1
183.375,1
183.625,-1
183.875,-1
184.125,1
184.375,1
184.625,-1
184.875,1
185.125,-1
185.375,-1
185.625,1
185.875,1
186.125,-1
187.125,1
187.125,-1
187.625,-1
187.625,1
187.875,1
187.875,-1
188.375,-1
188.625,-1
188.625,1
189.125,1
189.375,-1
189.375,1
189.875,-1
189.875,1
190.125,-1
190.125,1
191.125,-1
191.125,1
191.625,1
191.625,-1
191.875,-1
191.875,1
192.375,-1
192.625,1
192.625,-1
193.125,1
193.375,1
193.375,-1
193.875,1
193.875,-1
194.125,1
194.125,-1
194.625,-1
194.625,1
194.875,1
195.375,-1
195.625,-1
195.625,1
196.125,1
196.125,-1
196.750,1
196.750,-1
197.500,1
197.500,-1
198.250,1
198.250,-1
198.750,1
198.750,-1
199.000,1
199.250,-1
199.500,1
199.750,1
199.750,-1
200.000,-1
200.250,1
200.500,-1
200.750,-1
200.750,1
201.250,1
201.500,-1
201.500,1
202.000,-1
202.250,1
202.500,-1
202.750,-1
202.750,1
203.250,-1
203.250,1
203.750,-1
203.750,1
204.000,1
204.250,-1
204.500,1
204.750,-1
204.750,1
205.000,-1
205.250,1
205.500,-1
205.750,1
205.750,-1
206.000,1
206.250,1
206.500,1
206.750,-1
207.000,-1
207.250,1
207.500,1
207.750,-1
208.083,-1
208.417,1
208.750,1
209.000,-1
209.167,1
209.333,-1
209.500,1
210.125,-1
210.125,1
