4.000,-1
8.000,-1
12.000,1
16.000,1
18.000,1
22.000,-1
22.000,1
26.000,-1
26.000,1
28.000,-1
32.250,1
36.000,-1
39.750,-1
43.250,1
47.250,1
51.250,-1
53.250,-1
55.250,-1
59.250,1
63.250,1
67.250,-1
71.250,-1
77.250,1
77.250,-1
79.250,-1
83.250,-1
87.250,1
89.250,1
91.250,1
94.875,-1
99.000,-1
101.000,-1
103.000,-1
107.000,1
109.000,1
111.000,1
115.250,-1
119.250,-1
123.250,-1
123.250,1
127.250,1
131.250,1
135.250,-1
139.250,-1
143.250,1
147.250,1
149.500,1
151.500,1
155.250,-1
157.250,-1
159.250,-1
163.250,1
165.250,1
167.250,1
171.250,-1
175.250,1
179.750,-1
183.500,-1
187.000,-1
187.000,1
191.250,-1
191.250,1
194.750,-1
196.750,-1
198.750,1
202.750,1
204.750,1
206.750,-1
